85
33,35,77
15
24
28,43,91
33
86
18,91
61

16,39,45
35,70,72,75

31,78
3,97
11,56,59
37
8
79
47,88
48
35,74
53,66
4,27,42,44
37,64
68,90,91
24,47,60
5
44,74,79

14,52,60
92
2,6
59
2,12,22,71,97,99
39,55
17,25,97
98
11,36,46,61

76
24
5,64,75
24,29
11,59
39,54,66
20,27,88
21,71,88
53,61,76


31
23,49,66
46
36
16,76,78,99

81
16,34,45,93
27,31,66
9,39,49,77,91


25,43,66,99

23,46,53,60,64
71,80
26

12
35,48,67,81
12,88,93
76
22,29
12,43
41,49,56,73
2,61,95
14,56
19,29
67
58,71



1,91
7
88
20,47,48,72,87

26
5,8,26,61,85
32
59,72

77

15,35,37
38
35,56,64

end