1292,1337,1513,1909,2433
1332,1555,2405,2499
1428,1480,1677,1749,2020,2136,2224
1428
1299,1818,2018
1266,1274,1708,2171,2265,2314,2398
1466,1510,1546,1907,2433
1300,1689,2237,2365
1288,1332,1445,1768,2016,2199,2287,2370
1607,1844,2089,2137,2435
1417,1717,1830,1948,2119,2133,2234
1273,1415,1579,1668,1860,1875,1992,2031,2276
1506,1624,1694,1905,2047
1841,1849,2099,2278
1489,1525,1576,1598,1756,1765,1900
1494,1551,1879,1931,1999
1769,2225
1275,1326,1512,1518,1550,1697
1279,1323,2261
1786,1834,2295
1417,1519,1632,1935,2324
1263,1863,1907,2201,2301
1405,1857
2048
1678,2423,2454
1419,1794,1979,2148,2395
1562,1569,1828,2009,2064,2174,2355
2059,2116,2137,2148,2264,2420
1908,2349
1574,1773,1980,2165
1262,1641,1938,2115,2447
1256,1444,1732,1753,1787,1824,2161,2337,2370
1378,1796,2008
1652,2000,2175,2441,2466
1381,1680,1827,1954,2077,2256,2318
2156
1345,2030,2253,2339,2389,2477
1809,1840,2078
1462,2480
1473,1881
1452,1735,1843
1626,1896,2488
1344,1579,1848,2119,2256,2352,2456
1462,1720,1914,1943,1946,2336,2372,2375
1263,1605,1611,1802,1980,2060
1758,2218
1425,1589,1657,1816,1892
1774,1842,1871,2189,2357
1346,1846,2474
2224,2316
1518,1569,1749,2243,2442
1525,1684,1801,2050,2267
1458,1478,1600,1996,2364,2457
1675,1890,1944,2074,2119,2191,2201,2297,2320,2386,2389
1392,2231,2256,2361
1259,1375,1535,2016,2202,2328,2331,2335
1351,1585,1837,2047,2296
1262,1268,1387,1439,1773,1995,2352
1496,1519,1890,2475
1744,1922,2397
2143,2365,2413,2452
1538,1793,1957,2491
1918,1967
1270,1301,1496,1500,1764,1777,1949,2352
1458,1672,1822,1961,2205,2470
2101,2375
1561,1736,1799,2022
1570,1633,2060,2302,2412
1585,1624,1778,2201,2368
1348,1467,1468,1728,2017,2122,2382
1401,1884,1917,2143,2345
1780,2036,2449,2478
1334,1667,2257
1473,2280,2367
1491,1917,2197
1421,1708,2033,2035,2121
1323,1325,1645,1827,1831,1991,2087,2367
1276,1492,1524,1805,2121,2380
1526,1665,1845,2136
1293,1749,2061,2362
1267,1440,1482,1589,1599,1644,1794,1818,2228,2244,2298,2383
1304,1873,2159,2449
1422
1452,1798,1805,1881,2193
1871,2425
1460,1918,2046,2132,2446
1394,1446,1829,2187,2470
1683,2296,2396
1556,1578,1652,1886
1434,1480,1632,1785
1269,1746,1786,1920,1932,2150,2189,2372,2471
1273,1480,1650,2011
1275,1401,1485,1606,1922,1946,2007,2068,2179
1291,1510,1549,1659,1680,1775,2045,2047,2346
1296,1774,2129,2441
1616,1976,2344
1812,1933,2423
1342,1570,1859,2317,2449
1305,1460,1516,2200,2233
1335,1342,1350,1471,2353,2410
1596,1733,2002,2006,2371
1259,1271,1910,2040
1300,1567,1745,2207,2362
1546,1977,2491
1704,1839,1851,2136
1428,1452,1500,2346,2384,2425
1370,1835,2048,2060,2278,2279,2445
1988,2476,2478
1534,1549,1628
1405,1413,1719,1778,1831,1853,1917,2491
1437,1647,1823,1825,1929,1963,2064,2099
1658,1909,2154,2233,2339
1369,1983,2302,2341
1401,1516,1679,1888,2434
1599,1731
1595,2209,2347
1500,1602,1633,1712,1917
1329,1407,1594,1763,1777,1838,1919,1938,2274,2312
1286,1360,1483,1706,1790,2071,2147
1265,1361,1574,1658,1934,2043,2314
1690,2143,2285,2303,2491
1510,1622,1752,2013,2024,2032
1337,1733,2087,2374,2440
1280,1509,1604,1860,2112,2250,2468
1402,1478,1511,2090,2099
1317,1546,1889,2153,2220
1314,1374,1885,1892,1908,1958,2272,2367
1648,1805,1904,2185,2312
1520,1680,1740,2031,2072,2126,2227,2285
1715,2065,2126,2470
1252,1336,1429,2019,2431,2433
1419,1421,1679,2168,2305,2383
1427,1650,1772,1796,1980,1989,2115,2193,2349,2359
1585,1761,1883,2418,2448
1420,1752,2322
1405,1533,1673,1779,1827,2227,2352
1323,2230,2297,2380,2451
1958,2157
1255,1285,1451,1869,1982,2051,2321
1447,1456,1648,1677,1985
1500,1852,1899,2399
1699,1875
1292,1506
1507,1686,2424
1339,1443,1744
1390,1580,1854,1915,1958,2156
1619,1800,2258
1295,1343,1630,1685,1713,1723,1856,1869,2119,2481
1256,1275,1341,1456,1660,1761,1974,2152,2247
1464,1668,2244
2019,2133,2242
1289,1594,2086,2380
1470,1604,1668,2140
1281,1313,1348,1806,2008,2110
1480,1637
1425,1742,2060,2246
1507,1689,1847
1279,2411
1405,1417,2228
1328,1387,1468,1576,2030,2283,2399
1292,1396,1489,1653,1822,2052,2132,2333
1639,1776,1871,1886,1970,2129,2193,2389
1280,1465,1813,2349
1310,1315,1524,1747,1882,2186,2341
1369,1682,1880
1608
1258,1520,1659,1737,1861,2151,2175,2227,2247,2417,2433
1669,1791,2025,2111,2368,2436
1413,1583,2074,2208
1308,1569,1621,2067,2161
2077,2267
1560,1645,2066,2183
1360,1706,1809,1854,1958
1415,1595
1328,1621,2060,2062,2450,2483
1408,1413,1585,1611,2453
1614,2194
1264,1305,1885,2234,2423
1290,1737,1767,1879,2030,2469,2498
1340,1586,2286
1420,1441,1450,1837,1919,1926
1424,2003,2033,2122,2332
1870
1365,1491,1917
1318,1329,1598,1797,1807,1816,1966,2029,2109,2249,2395
1706,1884,2406
1695,1755,1812,1903,2364
1403,1491,1618,1734,1807,1821,1960,2144,2199,2453
1900,1981,2031,2425
1362,1363,1481,1639,2000,2423
1952,2121,2146,2261,2363,2471
1427,1433,2066
1277,1370,1634,1926,2149,2298
1536,1804,2039,2370,2472,2494
1558,1859
1619,2006,2148,2490
1659,1810
1352,1430,1982,2167,2210
1514
1498,2320,2445,2474
1253,1913,2145,2355,2371
1427,1463,1852,2043,2137,2404
1934,1970,2257
1305,1358,1882,2227,2413
1294,1325,1483,1714,1729
1575,1963,1966,2445
1468,1585,2080,2127,2277
1556,1927,2012,2209,2301
1749,1883,1946,2119,2425
1279,1282,1528,1555,2312
1342,1533,2281
1630,1909,2035,2242
1376,1427,1585,1592,1741,1949,2428
1257,2274
2329,2404
2228
1763,1773,2060
1339,1399,1534,1803
1275,1325,1873,1942,2186
2035,2245,2374,2434
1425,2110,2257
1717
1355,1682,2253,2438
1325,1348,1481,1798,1990,2000,2468
1869,2149,2302,2372,2385
1301,1471,1813,1942
1354,1421,1924,2376
1265,1672,1725,1733,1909,1969,2080,2141,2241
1339,1700,1841,2250
1486,1820,1916,2239,2415
1285,1875,2299,2305,2442,2496
1346,1563,1569,2500
1309,1604,1724,1763,2363,2410
1485,1996,2040,2300,2322,2358
1408,2176,2466,2476
1573,1961,2183,2302,2336,2451,2470
1395,1607,1790,2369,2383,2406
1309,1546,1593,2406
1799,1848,2016,2313
1403,1578,1843
1260,1286,2038,2223,2434,2480
1563,1985,2021,2309,2498
1316,1319,1378,1928,2126,2252
1442,1544
1685,2421
1567,1686,2081,2098
1445,1645,1707
1514,1556,1877,1922,2249,2394
1473,1778,2019,2163,2178
1979,2104,2183,2274,2284,2290
1314,1871,1906,2387,2487
1297,1515,1839,2477
1391,1567,1699,1816,2003,2014,2279,2374
1603,2260,2427,2490
1409,1480,1672,1903,2006,2134,2180,2391,2401
1565,2220
1404,1741,2061,2459
1602,1966,2086,2119,2242,2495
1384,2246
1866,2277,2380
1511,1516,1915,2081,2086,2317,2350
1891,1938,2014,2354
1629,1638,1792,1956,2463
1531,1606,2055,2098
1260,1409,1699,1731,1734,1809,1819,1882,2182
1384,1620,1883,1931,2141,2262
1331
1453,1585,1713,1715,1844,1897,2075,2136,2149,2275,2346
1270,1394,1689,2460,2469
1287,1820
1251,1655,2175,2227
1535,1660,2281,2476
1642,1967,2075,2480,2488
1275,1438,1996,2120
1490,1548,2168,2382
1606,1780,1905,1916,2107,2459
1555,1678,1763,1965
1538,1812,2208,2479
1307,1708,1768,1880,1984,2356,2497
1433,1463,1465,1751,1973,1986,1998,2186,2218,2482
2272
1401,1413,1677,1938,1967,2003,2142,2275,2354
1283,1429,1497,1612,1693,1850,1868,1972,2287,2355
1336,1709,1786,1871,1935,2001,2483
1256,1400,1679,1949,1953
1254,1266,1353,1475,1600,1843,2367
1294,1723,2379
1345,1579
1337,1390,1655,1800,2101,2147
1260,1601,1657,1948
1344,1502,1517,1795,2192,2216,2461
1840,2240,2336,2343

1301,1623,1919,2295
1314,1733,1756,1824,1844,2103,2264
1387,1710,2200,2305,2491
1453,1484,1485,1619,2111,2248
1725,2056,2253,2484,2493
1770,2221,2305,2377
1476,1608,2105,2249
1600,1631,1797,1919
1362,1937,1991,2254,2491
1467,1616,1931,2019,2139,2388,2481
1436,1501,1510,1827,1873,2152,2370
1358,1599,1888
1261,1641,1666,2082,2194
1307,1308,1555,1780,1935,2060,2154,2350,2487
1713
1611,1777,1866,1958,2311
1264,1387,1498,1520,1727,2033
1299,1356,1709,2410
1481,1538,1689,2014
1534,1565,2191,2228,2382
1995,2034,2150,2323,2481,2484
1657,1752,1755,2046,2075,2422
1255,1351,1432,2041
1522,1820,2370
1377,1571,1946,2447
1314,1354,1793,1815,2213,2281
1363,1486,1787,2215,2343
1256,1555,1724,1898,2500
1715,2328,2368,2411
1742
1553,1695,1714,1807,2426
1433,2390,2431
2178,2359
1340,1584,1687,1992,2255,2479
1622,1996,2040,2172,2411
1724,2217
1533,1766,1976,2125,2311
1714,1957,2227,2339
1257,1635,1783,2003,2246,2429
1363,1872,2061,2194,2328,2376,2498
1770,1867,1981,2084,2298
1519,1894,1961
1252,1476,1541,1789
2175
1875,2240
1474,1779,2039,2127
1298,1374,1783,1848,2158
1297,1502,1509,1681,1792,2168
1454,1529,1816,1817,1898,1975,2098,2110,2150,2356
1289,1331,1505,2137
1349,1362,1575,1596,1745,1909,2103
1256,1402,1413,2275,2313,2378
1310,1437,1678,2372
1270,1996,2281,2469
1289,1360,1934,1966,1995,2177,2252,2260,2302,2363
1750,1789,2130
1350,1854,2159,2180,2280,2376,2498
1706,1786,2173,2196,2273
1296,1957,2123,2183,2239,2330,2335
1411,1628,1649,2232,2470,2492
1261,1499,1525,1719,1765,1784,1961,2264,2469
1681,1716,1849,2177,2484
1766,1861,2377
1497,1758,2188,2431
1341
1360,1990,2028,2327,2438,2496
1503,1718,1948,2099,2279,2334
1337,1614,1650,1804,2339,2379
1409,1602,2112,2208,2383
1768,1849,1978,2121,2363
1442,1539,1807,2219,2243
1266,1282,1652,1716
1266,1319,1365,1422,1927,2055,2176,2287,2353,2413,2442
1634,1691,1770,1866,2096,2158,2404
1451,1894,2169,2203,2258,2363
1381,1781,2371,2494
1305,1582,2029,2142,2174,2279,2469
2188,2208,2480
1876,1977,2082,2380,2463
2036,2221,2288,2380,2406,2450,2463
1253,1813,2256,2304,2389
1805,1825,2228,2328,2435
1300,1347,1371,1605,1880,2006,2161,2340
1805,1915
1363,1398,1529,1638,1656,1667,2013
1591,2192,2193,2221,2440
1505,1653,2359
1416,1522,1549,1553,1574,1619,1622,1630,1814,2089,2139,2305
1338,1678,1814,2207
1331,1334,1693,1742,2022,2197,2385
1271,1276,1430,1477,1542,1584,1683,1951,2445
2329
1288,1784,1915,2328,2396
1981,1987,2140,2317
1354,1621
1586,2212
1655,1824,1935,2113,2204,2361,2362,2383
1329,1375,1610,2133,2217
1505,1632,2033,2212,2399,2474
1600,1688,2107,2222,2230,2278,2337,2377,2420
1330,1771,1800
1364,1500,2422
1788,2349
1936,2002,2003,2189,2448
1274,1952,2146,2471
1706,1793
1452,1515,1541
1482,1649,1842,1969
1266,1468,1769,2235
1391,1632,1693,1945,2211
1292,2258,2262,2431
1347,1381,2325
1787,2058,2084,2219,2374
1573,1780,1900,1957,2051,2218,2335
1475,1643,1867,1964,2124,2468,2487
1297,1429,1540,1774,1864,1986,2246
1538,1807,2031,2481
1478,1933,2460,2497
1369,1659,1757,1972,2179
1717,2001,2036,2161,2360
1299,1394,1526,1647,1844,2202,2279
1371,1885,2045,2249
1366,1694,1792
1282,1331,1411,1498,1567,2074,2110
1251,1272,1329,1589,1845,2167,2230,2424
1516,1627,1985
1343,1740,1743,1968,2058,2092,2265,2302,2377
2040,2142,2488
1279,2462
1372,1491,1643,2013,2125
2019,2038,2483
1265,1320,1569,1952,2368,2429
2205,2315
1821,1992,2070,2086,2116
1824,2244,2251,2256,2388
1574,1709,1895,2199,2269,2424,2468
1254,1503,1547,1549,1749,2245
1351,1448,1488,1549,1783,2083,2393
1603,1798,1972,2117,2183,2342,2379,2434
1381,1570,1625,1731,1821,2033,2140,2342
1818,1846,2009
1351,1428,1518,1876,1982,2057,2229
1382,2228
1867,1868
1824,2111
1508,2014,2229
1421,1445,1508,1816,1975
1489,1530,1871,2241
1437,1662,1678,2165,2274
1634,1978,2370
1598,1611,1644,1769,1780,1990,2037
1402,1482,1704,1713
1431,1483,1538,1631,1734,1986,2005,2454
1318,1646,1701,1746,2029,2387
1478,1494,1645,1657,1808,2408,2418
1259,1325,1391,1487,1795,1846,2102,2154,2284,2336,2344
1315,1329,1999,2300,2345,2370
1777,2475
1417,1448,2113,2276
1818,2288
1860,2433
1389,1900,2109,2228
1312,1504,1541,1624,1867,1909
1336,1609
1548,1948
1371,1761,2078,2197,2444,2451
1893,1946,2343
1336,1444,1708
1532,1783,1959,2116,2120,2196,2281,2431,2460
1586,1733,2024
1305,1485,1960,2122
1312,2214,2331,2370
1602,1625,1722,1994,2105,2437,2477
1884,1891,2282,2366,2442
1329,1449,1454,1534,1561,1689,1870,1928,2031,2102,2255
1289,1599,2288
1482,1798,1938,2190,2430,2472,2498,2500
1265,1299,1533,1600,1800,1812,1951,1975,2254,2335
1442,1761,2173
1265,1315,1467,1549,1759,1967,2092,2190
2005,2201
1412,1473,1572,1701,1764,1962,2001,2066,2449
1253,1437,1887,2046,2064,2140
1587,1950,2085,2332,2379,2472
1271,1821,2204,2372,2410
1297,1307,1356,1429,1433,1443,1486,1569,2026,2112,2247,2488,2490
1257,1906,2207,2452
1289,1405,1503,1639,1786,1828,1857,2329
1293,1386,1612,1690,1693
1420,1514,2218
1389,1513,1911,2013,2152,2498
1300,1375,1428,1692,1709,1842,2024,2096,2104,2313
1703,2292
2129,2138,2366
1755,1813,2271
1427,2071,2081,2172,2220
1378,1603,1649,1886,1985,2374
1771,1877,2247,2280
1930,2212,2463
1549,1562,2005,2305
1850,1854,2185,2246
1499,1975,2260,2313
1322,1394,1611,1924,2020,2029
1391,1525,1868,2085,2108,2199,2235
2053,2328
1299,1645,1921,2232
1657,2378,2386,2428,2453,2471
1393,1432,1565,1572,1984,2139,2330,2379
1380,1455,1616,2140,2143,2317,2331
1849,2041,2340,2362
1454,1693,1821
1798,2092,2306,2428
1633,1944,2230,2312
1525,1754,2357
1298,1708,1990,2024,2072,2434
1421,1901,2253,2460
1267,1552,2006,2035,2083,2439
1790,2016,2310,2347,2476
1971,2213,2247
1272,1322,1861,2021,2471
1320,1654,1932,2064,2345,2448
1300,1457,1691,1692,1810,2001,2204
1551,1815,1845,2314,2459
1566,2187,2286
1313,1877,1944,2239
1479,2305
1757,1902,2224,2249,2426
1281,1341,1693,1924,2157
1354
1435,1447,1514,1562,1916,1950,1971
1271,1286,1323,1531,1988,2041
1285,1464,1477,1573,1578,2373,2389
1735,1786,2176,2418
2164,2319,2468
1308,1488,2112
1480,1923,2133,2244
1854,1870,2114,2219,2322,2438
1925,2100,2102,2243,2264,2500
1717
1477,1610,2160,2240,2243,2450
1583,1850,2038,2463,2483
1700,1717,2209,2452
1450,1743,1778,2053,2472
1817,2110,2133,2388
1401,2224
1551,1746,1853,2168,2184,2187,2219
1498,1877,2090
1621,1757
1344,2012,2067
1368,1432,1625,1835
1475,1821,1906,1990,2102,2283
1456,2035,2071,2305
1445,1813,2019
1314,1373,1544,1701,1725,1759,2026
2319,2458
1363,1455,1541,1657,1918,2292,2296,2413
1352,1860,2462
1400,1507,1538,1778,1866,1937
1609,1644,1695,2259
1260,1515,1968,2269,2369,2459
1261,1908,2044,2048,2211
1465,1500,1566,1581,1617,1868,1889,1981,2106,2135,2460
1665,1827,1852,2005,2083,2084
1280,2310,2469
1726,2031,2153
1334,1815
1775,2195
1758,1824,2167,2268
1589,1766,1787,1801
1766,1819,1901,1903
1334,1566,1593,1659,2303,2438,2451
1376,1608,2338
1510,2039,2252,2343
1417,1444,1598,1603,1742
1562,1583,1982,2055,2057,2081,2380,2449
1619,1914,1946,1979,2093,2114,2350,2364
1273,1559,1794,1815,1871,1946,2436
2176
1279,1343,1474,1769,2007,2126,2137,2166,2438
1269,1394,1574,1884,2074,2180
1516,1581,1856,1889,2239,2343
1333,1586,1934,1949,2260,2286
1357,1382,1619,1804,1819,2430
1262,1535,1825,1929,1952,2156,2162,2224,2370
1504,1623,2493
1472,1648,1915,2101,2309,2454
1255,1264,1485,1513,1571,1759,1851,1892,2121,2199,2342
2093,2135,2264
1275,1819,2314
1535,1668,1683,1754,2146,2203
1353,1417,1846,2436
1342,1388,1901,1920,2036,2315,2387
1389,1754,1793,1824,1871,1938,1966,2141
1658,2259,2329,2467
1422,2437
1445,1549,1857,1888,2431
1295,1411,1652,2235,2367
1409,1783,1921,2257
1547,1702,2062
1319,1761,1884,2403
1418,1593,2261,2314,2373
1923,2102,2410
1759
1548,1713,1788,1952,2193,2282,2443
1746,1822,1973,2238
1566,1747,1964,2194,2226,2256
1403,1614,1831,1899
1450,1489,1719,1851,2071,2307,2417
1823,2122,2168,2222,2234,2446,2492
1306,1321,1454,1620,2250,2352,2382
2119,2213
1285,1584,1714,1791
1259,1278,1631,2313
1715,1871,2028
1349,2093,2307
1576,1852,1974,2062
1537,1906,1917,2069,2206,2446
1897,1909,2192
1608,1657,2034,2218
1518,1650,2069,2079,2406
1513,1530,1589,1636,1883,2221,2312,2356,2406,2446
1999,2113,2195,2224,2312,2348
1347,1354,1399,1896
1833,2207,2226,2241,2488
1253,1652,1654,2107,2494
1592,2018,2461
2225,2320
1482,1501,1586,1824,1887,1957,1973,2269,2376
1371,1417,1746,1797,1813
1307,1675
1336,1356,1566,1674,1825,1967,2082,2184
1441,1487,1725,1758,1892,2136,2352
1284,1411,1999,2000,2085,2217,2469
1425,1565,1976,2003
1889,1932,2147,2208,2289,2300
1485,1641,1978,2083,2205,2306,2457
1637,1901
1376,1395,1398,2470
1426,1576
1256,1435,1911,2446
1437,1615,1666,1801
1386,1428,1639,2280
1290,1309,1731,2089
1309,1412,1476,1821,2019,2326
2033,2150
1525,1539,1669,1699,2321
1398,1670,1691,1725,1955
1636,1874,2426,2500
1302,1479,1832
1877,1965,2063,2245
1891,2235
1463,1704,1922,2456
1860,1921,2196,2368,2427,2430
1280,1458,1516,1843
1768,2358,2365
1436,1749,1898,1938,2000,2026
1474,1781,1836,1976,2369
1516,1608,1666,2141,2194,2307,2390,2446
1595,1669,1796,2301
1394,1509,1565,1664,2328,2373
1282,1861,2143,2305,2416
1693,1772
1347,1395,1423,1437,1487,1809,1830,1989,1993,2068,2459,2476
1272,1604,1787,1816
1575,1649,1933,1977
1385,1659,1784,1820,1978,2296,2390
1398,1406,1594,2157,2222
1332,1537,1626,1659,1782,2053,2258
1565,1711,1808,2007,2342
1251,1425,1442,1640,1870,1960,2099
1327,1785,1814,2072,2078,2204
1391,2059,2094,2174,2270
1912,2121
1365,1445,1998,2072,2396,2474
1671,1878,1888,2176
1423,1798,2052,2286,2451
2004
1417,2150,2231,2419
1586,1811
1256,1547,1926
1483,1608,1705,1802,1898,1975,2034
1613,1824,1870,1994,2158,2173,2312
1258,1480,1508,1680,2341,2346,2369
1465,1658,1738,2349
1482,1737,1782,1801,2202,2250,2277,2387
1269,1323,1343,1428,1445,1575,1610
1343,1643,2197,2268
1391,1421,1841,2467
1315,1452,1546,2217,2228,2281,2475
1634,1817,1861,1890
1259,1476,1725,1858,2008,2057,2106,2345
1416,2368
1412,1603
1553,1767,1998,2115,2449
1625,1678,1859,1966,1971,1998,2209,2485
1399,1441,2054,2056,2252,2463
1442,1984,2331,2475
1359,1377,1593,1715,1801,1824,1893,2090,2398
1325,1676,1782,1792,2294,2405,2433
1326,1599,1915,2094,2158,2428
1361,1404,1773,1987,1993,2186,2232,2259
1363,2183,2274
1701,2035
1316,1654,1691,1784,1853,1893,1958,2133,2180,2225,2349
1349,2110
1302,1388,1440,1459,1706,1847,1889,2139,2225
1280,1379,1492,1626,1896,2069,2318
1480,1541,1605,1747
2083,2088,2410
1696,2154,2193
1364,1631
1711,1939,2018,2125,2130
1287,1662,1708,1774,1914,1938,2146,2267,2491
1498,1975,2093,2167
1774,2187,2190,2232,2308
1641,1761,2193,2281,2395
1390,1404,1437,1924
1572,1724,1911,1931
1323,1740,1799,1810
1346,1377,1426,1910,1959,1964,2275,2385
1459,1677,1831,1870,2246,2313,2495
1602,2081,2207,2353,2447,2488
1483,1519,1568,1839,1977,2097,2207,2486
1477,2317,2356,2449
1362,1805,1859,2068,2201
1821,2273
1690,1718,2086,2201,2386,2398
1461,1681,2354
1300,1408,2178,2432
1617,1998,2137,2437,2449
1341,1630,1741,1938,2309
1288,1358,1611,1928,1935,2061,2389
1324,1602,1751,1877,1930,2344
1326,1498,1585,1596,1923,2423,2458
1705,1753,2201,2230,2422
1374,1667,2158,2472
1281,1643,1841,2011,2019,2260,2417
1281,1562,1631
1473,1559,1729,1754,1775,2170,2236,2273,2325
1319,1491,1535,1947,2140,2171,2234
2282,2374
1468,1588,1651,2015,2127,2176,2260
1319,1427,1473,1781,1813,2256
1708,1915,2071
1279,1518,1616,1691,1908,2336
1814,1966,2005,2087,2125,2357,2435
1258,1291,1909,2030,2054,2318,2346
1298,1681,1704,1705,1799,1866,2362
1540,1833
1713,1945,2089,2144,2322,2467
1750,1893,1904,2314,2382,2431
1274,1309,2331,2478
1491,1509,1574,1791,1905,1983,2006,2110,2123,2182,2281
1318,1337,1799,2217,2251
2009,2010,2357,2455
1961,2441
1558,1614,1801,2014,2020,2335
1289,1291,1465,1492,1530,1630,1697,1890,2266,2389
1431,1689,1830,2051,2150
1976,2018,2186,2387
1272,1335,1378,1453,1586,1803,2317,2385,2481
1269,1606,1828,2009
1525,1739,2256,2333
1531,1807,2044,2082,2091,2411,2433
1359,1617,1649,2265,2391
1341,1358,1366,1383,1515,1516,1587,1779,1811,1846,2326
1269,1868,1873,1891,2020,2172,2261,2462
1609,1662,1696,2205,2273,2377,2402
1637,1722,2111,2418,2438,2500
1261,1546,1578,2470,2478
1414,1951
1375,2118,2318,2352,2353
1266,1514,1759,2165
1737,1825,1881,2224,2252,2270,2317,2326

1647,1663,1675,1754,1868,2087,2327,2472,2474
1801,2097
1687,1690,1861,2032
1469,1508,1659,1967,2015,2031,2497
1827,1895,1966,2187,2316
1632,1789,2111,2168,2201
1991,2008,2209
1584,1701,1862,1921,2212,2391,2475
1628,2263,2303,2450
1945,2085
1531,1548,1891,2044
1310,1350,1385
1400,1412,2356,2407
1327,1377,1674,1698,1810,2174
1456,1638,1650,1675,1853,1860,1968,2470
1257,1540,1755,2265,2491
1485,1504,1567,1628,1759,2119,2185,2196,2301,2489
1323,1488,1634,1852,1978,2154,2270
1446,1505,1854,1964,2365,2412
1692
1597,1678,1702,1737,1914,2009,2050,2069
1528,1618,2007,2055,2222,2407
1551,1980,2073,2085,2147,2185,2332,2358
1321,1365,1549,1585,2029,2275,2399,2489
1477,1984,2279
1551,2437
1425,1557,1683,2105,2303,2350,2464
1489,1532,1875
1462,1766,2128
1298,1310,1326,1601,2058,2062,2151,2325,2330
1289,1823,1966,2093,2111,2343
1443,1543,1612,1615,1834,2411,2412
1412,1679,1760,1825,2081,2370
1308,1442,1710,1721
1326,1368,1463,1594,1911,2177,2366
1338,1376,1434,1595,1990,2192
2472
1289,1475,1855,2460
1799,1990,2055,2243,2310
1539,1705,1933,2106,2416
1276,1546,1596,1847,1877
1292,1673,1997,2045
1269,1376,1548,2240
1349,1839,1987,2090
1337,1455,1996,2214
1311,1366,1917,2040,2105,2328,2358
1765,1771,2038,2071,2121,2265,2267,2429,2432
1460,1791,2006,2434,2460
1376,2129
1663,1818,1982
1295,1583,1630,1668,1715,2284
1255,1280,1652,2045,2153,2256,2351,2428,2432,2490
1400,1468,1897,1972,2376
1289,1423,1770,1817,1870,2188,2399,2483
1894,2235,2243,2319,2407
1586,1758,2244,2455
1798,1837,1885,2009,2041,2381,2437
1279,1438,1766,1853,1925,1957
1816,2122
1268,1589,1900,1999,2193,2247
1443,1466,1812,1826,1831,1975,2369,2466
1442,1449,1942,2017,2204,2209
1259,1305,1642,2202
1434,1660,1708,1857,1874,1882,2219,2337,2392
1503,1534,1875,2063,2351
2098,2392,2465
1274,1624,2260
1514,1533,1651,1900,2297,2424,2484
1302,1341,1888,1936,1962
2239,2262,2334,2451
1594,1783
1281,1588,1929,2012,2294
1567,1649,2440
1727,1760,1896,2347
1637,1814,1913
1729,2136,2489
1352,1563,1672,1948,2093,2475
1726,1889
1273,1551,1636,2225,2326
1657,1684,1718,2071,2311,2447
1877,2001,2431
1365,1396,1838,1898
1433,1881,1917
1695,1741,1750,1848,1955,2076,2122,2357,2427
1476,1718,1955,2080,2092,2208,2343,2496
1350,1469,1510,1660,2152,2376
1283,1748,2127,2204
1874,1998,2161,2418
1304,1431,1589,2010,2168,2473
1905,2154
1309,1321,1593,1678,1698,1746,2018,2139,2247,2268,2429
1434,1456,1479,1599,1683,1718,2314
1318,1355,1600,1841,2209,2289
1407,1435,2028,2136,2196,2293
1263,1744,1989,2121
1630,1724,1742,2042
1606,1725,1752,1774,1826,2007,2041,2093,2199,2237,2391,2419
1418,1470,1558,1570,1661,1820,2208,2469,2496
1329,1704,1966,2043,2408,2459
1560,1652,1738,1953
1286,1538,1576,1589,1803,2070,2075,2105,2384,2391
1550,2050,2068,2190,2230
1256,1647,1905,1928,2067
1531,1573,1733,1956,2195
1692,2204
1356,1383,1991,2117,2260,2383
1382,1885,1997,2109,2310,2379,2429,2434
1709,1789,1963,2129,2152,2215
1298,1392,1705,1898,1922,1983,2300
1591,1703,2164,2221,2417
1287
1329,1628,1804,1997
1552,1672,1728,1779,1871,1993
1429,1437,1514,1683,1890,2086,2120,2230,2380,2408
1976,2181,2229,2284
1548,2001,2096,2273
1755,1892,2072
1278,1654,1744,2336,2455,2479
1318,1605,1964,1999,2085,2484
1414,1800,1834,1997,2405
1267,1562,1596
1410,1449,1577,1655
1522,1656,1796,1840,2396
2093,2348
1454,2081,2179,2269,2392
2025,2325
1282,1521,1560,2325
1902,2035,2042,2191,2375
1380,1440,1571,2059,2209,2224,2338,2411
1424,1792,2125,2230,2255,2271
1331,1807,1941,2151,2376,2409
1559,1637,2201,2299,2307
1393,1518,1589,1707,2242,2456
1812,1843,2138
1277,1504,1915,2104,2132,2480
1390,1936,2126,2228,2434
1578,1657,1751
1319,1877
1479,1616,1622,1757,1881,2136
1542,1674,2084,2123,2250
1278,1546,1941,1987,2005,2270,2279
1332,1396,1457,1623,1833,1914,1939,2077,2194,2364,2430
1668,1760,2040,2410
1569,1923,2013,2120
1283,1361,1526,1650,1718,1833,1836,1986,2058,2216,2318
1324,1655,1749,1883,2146,2158,2203,2217,2247,2282
1757,2051,2130,2193
1421,1516,1635,1654,1841,1976,2398
1730,1943
1294,1304,1327,2186
1515,1652,1834,2059
1298,1420,1514,1521,1603,1606,1632,1758
1343,1455,1842,1866,1937,2206,2226
1448,1471,1522,1663,1948,1959,2010,2230,2298
1296,1484,1954,2131,2331,2389
1513,1575,1635,1765,1887,2278,2351
1357,1454,1694
1996,1998,2368
1263,1433,1646,1975,2384
1589,1789,2004,2225,2266,2280
1290,1361,1541,1585,1590,1721,2307
1339,1520,1894,1935,1969,2091,2112,2236
1331,1437,1668,2047,2217,2461
1590,1669,2025,2317,2383
1431,1527,2000,2306
1561,1592,1786,1800,2337
1336,1477,1502,1569,1616,1722,2060,2214
2143,2489
1324,1399,1560,2004,2090,2435,2447
1355,1391,1642,1854,1998,2059,2229,2477
1371,1389,1836,2041,2088,2119,2220,2376,2384
1704,1902,2136,2149,2424
1328,1502,1527,1658,1744,1801,1811,2198,2308
1452,1570,1584,1616,1683,1797,1900,2032,2271,2324
2478
1427,1437,1526,1591,1621,1678,2153
1692,1695,1770,1939,2100,2403,2412,2454
1928,2006,2256,2268,2328,2358,2449
1357,1561,1587,1898,1953,2408,2470
1314,1799,1914,2417
1540,1559,1917,2416
1426,1767,1852,2172,2423
1663,1710,1797,1995,2351
1290,1702,1742,2194
1343,1458,1761,1896,2383
1355,1561,1598,1996
1352,1721,1932
1572,1580,2026
1270,1552,2044
1587,1968,2348,2380,2493
1845,1853,2033
1645,1827,1885,1931,2310,2461
1428,1506,1526,1570,1809,2034,2441
1381,1686,1790
1320,1337,1437,1598,1713,2056,2098
1277,1685,1901,2074,2446
1264,1666,1820
1696,1731,1899,1991,2232
1511,1635,1767
1784,1797,1966,1978,2295,2479
1601,1607,1650,1766,1990,2310,2471
1720,2006
1358,1438,1612,1651,1735,1828,2140
1348,1707,1771,1884,2344,2416
1487,1654,2117,2439
1624,2048,2049
1399,1993,2379,2405
1788,2018,2489
1520,1598,1824,1920,2123
1499,1743,1859
1341,1448,1571,1744,2017,2072,2217,2366,2425
1317,1632,1684,1698,1764,2095
1659,1842,1927,2450
1397,1420,1901,1907
1380,1448,1722,1840,2048,2257
1512,1557,1827,2314
1563,1644,1802,1942,2288,2414
1936,2322,2329
1279,1827
1299,1473,1609,1971,2278
1306,1948,2085,2256,2303
1893,2014,2018
1638,1670,1711,1762,1883,2308
1430,1655,1795,1865,1939,2225
1308,1329,1456,1668,1679,1734,1753,1828,2003,2006,2043,2130,2397,2497
1413,1589,2177,2258,2280
1284,1320,1328,1744,2139,2493
1370,1435,1645,1759,1789,1970,2082,2354
1335,1350,1436,1444,1472,1717,1845,1849,1950,2460
1341,1381,1744,1770,2115,2120,2266,2493
1686,1701,2115,2317,2410
1260,1549,1744,1767,1964,1973,2124
1497,1587,1706,1884,2091,2101,2384
1731,1880,2112,2458
1557,2020
1943,2116
2245,2247,2397
1252,1617,1838,1874,2097,2118,2465
1749,1771,1955,2044,2262
1774,1799,1865,1875,1973,2083,2310
1670,2078,2358
1255,1528,1969,2087,2243,2325
1762,1869,2226
1688,1939,1991,2103
2262,2441,2492
1442,1451,1535,2092,2307
1551,1605,1793,1848,2419,2457
1264,1940,1980,2076,2090,2420
1587,1831,1966,2062,2367
1945,2011,2179
1525,2226,2234,2270

1275,1320,1501,1913,1924,2170,2304,2458
1270,1567,1839,2016
1979,2367,2461,2500
1260,1838,1917,2153,2236,2464
1342,1429,2289,2377
1558,1828,1855,2164
1556,1626,1807,2168
1812,1851,1902,2011
1677,1830,2032,2073,2146,2320
1610,1768,2029,2133,2432
1763
1268,1482,1582,1774,1924,2012
1391,1417,1557,1736,1982,2078,2236,2387,2432
1317,1641,1972,2181,2309
1414,1660,1766,1853,2047,2345,2455
1364,1780,2066,2109,2172
1622,1642,1920,2144,2320
2122,2185,2242,2427,2438,2481
1815,1819,1928,2199,2297
1328,1932,1972,2243,2439,2449
1259,1301,1368,1560,1790,2049,2177,2211,2233,2372
1737,1934,1985,2112,2178,2241,2314,2435,2500
1575,2241
1291,1503,1544,1922,2091,2185,2381
1424,1435,1685,1813,2091
2105,2250,2368,2449
1639,1892,2071
1393,1595,2371
1324,1524,1855,2132
1494,1631,1720,1830,2259
1405,1470,1478,1902,1929,2126,2269,2379
1875,1988
1544,1604,1725,1854,2173
1511,1630,1686,1687,1939,2052,2252
1297,2283,2331,2373
1308,1324,1355,1459,1596,1793,1924,2388,2393
1265,1341,2005,2245
1398,1540,2018,2305,2308,2342
1283,1393,1446,1582,1605,1971
1321,1515,1553,1865,1889,1921
1411,1472,1522,1644,1892,1934,2030,2278,2351,2359,2417
1426,2078,2093
1851,1883,2265,2413
1443,1610,1644,1868,2301
1705,1744,1875,1937,2030
1364,1417,1930,2228
1600,1744,1899,2119,2217
1251,1424,1637,1928,2169
1604,2128,2171,2477
2476
1291,2164,2422
1678,2199
1564,2033,2204,2213,2228,2282
1516,1731,1798,1806,2043,2069
1562,1710,1816,1854,2261
1521,1567,1632,1663,2210,2224,2442
1393,1680,1798,2100,2187
2284,2373
1383,1433,1879,2140,2426
1591,1821,2087,2311
1254,1715,1771,2312
1271,1288,1417,1497,1498,1601,1788,1861,2087,2124,2156,2176
1339,1453,1806,2346
1304,1406,1456,1680,1692,1884,1939,2495
1654,1899,1928,2052,2333
1512,1810,1842,2304
1399,1488,1528,2169
1835,1921
1545,1754,1770,1789,1946
1369,1431,1925,2109,2261
1287,1609,1770,1820,1834,1900,2025,2286,2288
1359,1503,1613,1683,1757,2183
1531,1557,1825,1831
2332
1387,2017,2345
1458,1545,1699,1915,2259
1287,1381,2436
1308,1379,1730,2220,2282,2331,2384
1359,1881,2186,2261,2464
1460,1543,2240,2321,2359
1604,1955,2139,2437
1695,1892,1986,2302
1271,1847,2116,2179,2435
1355,1387,1460,2173,2406
1381,1740,1770,2020,2244,2384
1529,1649,1977,2228
1469,1734,2187,2189,2323
1879,2190
1396,1492,1594,1625,1642,1767,1807
1456,1898,1910,2360,2399,2408
1269,1333,1721,2154,2166,2167
1346,1477,1495,1645,1850,1962,2011,2399,2465
1459,1784,1788,2072,2112
1332,1404,2481
1321,1777,2117,2367,2395
1506,1741
1365,2070
1519,1529,1668,1743,1925,1992,2015,2159,2301,2311,2470
1303,1555,1669,1761,2189,2278
1800,1845,2162,2315,2385,2475
1390,1467,1784,2472
1511,1667,1862,1887,2041,2148,2418
1646,1820,1832,1881,1894,1958,2199,2462
1407,1613,2368,2438
1605,1698,2446
1671,2287
1688,1698,1708,1869,2429
1446,1536,1568,1586,2138
1253,1848
1380,1393,1464,1608,1904,2294,2344,2465
1290,1314,1944,2060,2118,2481
1788,2029,2301,2394
1445,1482,1751,2367
1349,1771,1962,2159
1380,2177,2307
1473,1601,1664,1805,1851,2409
1714,2340,2341
1462,1972
1267,1275,1515,1809,1871,1995,2259,2307
1312,1349,1670,1965,2053,2060,2381
1597,1731,2101,2330,2331
1660,1702,1882,2113,2483
1381,1478,1697,1741,1793,1888,1935,2122,2487
1546,1733,1791,1804
1300,1653,2144,2168,2199
1674,1682,1850,2347,2401
1478,2109
1670,1715,1823,2227,2425
1668,1915,2159,2348,2402
1424,1667,1826,2085,2086,2179,2482
1448,1478,1483,1537,1661,1712,1912,2023,2080,2314
1282,1435,1978,2246,2259,2366
1392,1710,2498
1290,1595,1616,2403
1473,1529,1795,1893,2017,2203
1380,1446,2173,2244
2244,2266,2420
1352,1359,1374,1594,1884,1946
1378,2201,2253,2359,2406,2451
1540,1983,2484,2488
1381,1587,1815,1828,2256,2294
1265,1912
1525,1876,2327
1295,1356,1370,2084,2116,2296
1587,1636,1805,1926,2218,2242,2317,2495
1848,2423
1392,1733,2255
1302,1665
1535
1326,1398,1529,1699
1451,1640,1828,1932,1961,2031,2177
1278,1280,1435,1631,2138
1847,1898,1947,1965,2075,2191
1422,1779,2234,2243,2399,2437
2005,2207,2409
1556,1606,1657,2172,2187
1744,1781,1870,2003
1944,2237,2433
1671,1757,1948,2233,2330,2335
1559,1671,1838
1660,1800,2018,2325,2331,2466
1610,1837,1926,2410
1473
1343,1443,1540,1671,1759,2061,2149
1890
2105,2279,2380
2283,2444,2487
1308,1450,1579,1740,1990,2032
1270,1271,1336,1551,1556,1758,2313
1316,1417,1556,1821,1938,2205,2317,2373
1627,1683,1692,1846,2207
1491,1612,1862,1886,1899,1959,2196,2421,2482
1333,1517,1592,1831,2050,2199,2223
1278,1351,1544,1625,1632,1657,1658,2146,2306,2342,2392,2479
1273,1576,1972,1977,2073,2242,2319
1383,1608,1790,2224,2323,2478
1257,2060,2098,2177,2209,2274,2466
1358,1735,1794,2007,2370
1615,1952
1440,1520,1549,1644,1658,2151,2251
1495,1904,1953,2378
1448,1570,1797,2168,2346,2380
1557,1601,1690,1926,2474
1370,1716,2006,2095
1543,1668,1900,1970,2391,2442
1609,1945
1748,2441
1269,1559,1620,1745,1856,2444
1365,1646,1672,2117,2228,2295
1592,1702,1863,2123,2164,2173,2196,2242,2272,2428
1253,1647,1667,1958
1333,1383,1729
1260,1510,1808,1939,1983
1712
1357,1506,1530,2132
1911
1692,2015,2468
1276,1468,1908,2134,2357,2427
2309
1377
1330,1442,1532,1899,1917,2218,2258
1453,1460,1583,1668,1915
1412,1462,1717,1754,1870,2319,2386
1311,1512,1974,2451,2477
2115
1614,1823,1856,1989,2207,2437
1538,1967,2436,2462
1251,1668,1967,1988
1501,1712,1830,1978,2033,2053,2175,2248,2489
1361,1863,2264,2409,2480
1282,1360,1361,1435,1454,1712,1939,2224
1419,2067,2105
1347,1365,1543,1764,1774,1830,2138
1314,1429,1505,1508,2075,2271
1261,1284,1623,1799,2043,2112,2408,2462
1374,1772,2396,2484
1724,2249,2276,2289,2383
1320,1396,1465,2085,2217
1252,1350,2374
1513,1796,1999
1618,1630,1641,1654,1804,1826,1847,2112,2159,2241
1366,2074,2108,2142,2367,2470
1558,1717,2048,2495
1689,1777,2195,2219,2254,2330,2367
1343,1639,1740,1821,2064
1310,1581,1762,2073,2133,2182,2276,2277
1270,1314,1344,1349,1538,1585,1629,1714,1978,2102
1265,2009
1299,1454,1598,1696,1934,2276
1647,1658,1729,1846,2020,2258,2293
271,418,663,1068,1228
131,336,1006,1239
201,374,476,618,1129,1211
286,430,1081
139,316,580,820,1010
32,149,285,321,345,633,673,871
214,332,480,784,1197
167,676,740
56,102,449,606,684,831,1041
241,265,290,553,1000,1024,1213
306,354,554,763,1235
31,58,577
22,45,863,927
178,310,580,965,1016
120,228,425,471,473,1057,1162,1248
6,286,365,366,402,766
81,510,889,1139
58,828,1032
91,573,679,755,760,811,1111,1208
64,269,347,957,1022,1189,1247
102,384,478,524,1082,1103,1189
418,513,657,754
12,92,570,847,1195
6,398,745,835
18,93,149,219,274,582,1021,1139
78,384,809,1218
193,903,964
606,886,909,1172,1194
19,158,210,422,572,738,826,987
124,163,557,647,700,820,1172
154,521,730,731,840
210,365,417,654,895,1152,1231
283,855,913,1059
626,995,1235
139,231,525,605
119,241,524,869
270,706,879,1091,1097
9,386,725,1082
152,343,348,469,481,751,799,806,822
179,636,929,952,1131,1154
94,740,751,1044,1071
1,143,161,404,810
80,482
205,287,918
148,590,819,1164
95,352,923
252,341,409,479,1055
340,508,741,798,877,920
5,311,414,471,499,988,1249
8,103,376,485,515,722,1145
64,226,294,1041
642,699,837,1168
1119
82,857,918,1084
99,178,204,370,464,831
603,989
279,307,479,623
170,307,528,802,993,1056,1098,1188
233,238,636,637,745,859
164,346,780,798,1246
814,1224
456,465,1140
154,518
127,251,295,319,547,948,1131,1234,1247
164,450,473,682
243,697,1190
126,980,1034
185,447,747,861,887
243,366,593,733,736,906
425,514,963,995,1021,1238
603,792,859,1060,1115
496,513
19,77,137,524,679,712,786
726,914,937,1049,1056
77,205,219,224,449,692
18,693,727,798,803,1170
664,782,918
160,175,941,995,1040
118,185,391,418,450,468,867,880,993
394,1221
267,343,383,417,899,931
2,9,661,910,1114
575,1111,1193,1212
73,383,559,564
100,754,997
131,284,457,461,624,935,1189
1,123,289,361,747,813,963
382,804
145,218,229,930,1083
180,327
149,358,521,724,759,837,979,998,1057
98,100,211,585,1025
148,420,572,679,680,921,953,1184,1245
43,291,542,1247
37,288
49,232,713,1112
376,405,616,656,1233
70,154,224,972
344,608,698,812,1134,1140,1247
100,350,780,854,997,1239
57,316,431,435,1194
198,550,845,955,1158
286,584
227,319,388,522,616
223,861,938,954,1056,1104
311,479,624,874,1164
576,925,947,1215
204,305,725,759,971,1198
691,758,1092,1099,1158
119,173,348,359,1231
120,694,913,929,1230,1231
190,302,344,718
190,320,333,378,549,695
395,704,1036,1066
184,366,667,792,850,1117,1209,1233
416,759,814,1242

543,803,1041
113,165,412,1090
107,193,996,1164,1204
376,415,459,622,939
423
547
127,340,729,1158,1236
56,391,485,765
213,565,631,804,811,817
318,691,713,782,1220
33,243,490,754,1159
700,1098
502,897,983,1130,1135,1156
35,369,405,433,962,998,1097,1105,1143,1161
436,576,875
759,874,1079,1196,1212
259,266
659,780
482,635
58,160,296,310,1095,1104
585,699
455,484,586,939
146,289,710,904,1121
253,403,449,497,665,681,938,1033
55,877,1153,1167
501,901,1048,1059,1077,1130
87,269,414,496,573,653
237,631,656
161,850,910,1109,1238
982
378,631,640,660,1058,1170
218,616,689,937,975,1087
285,551,781,821
71,93,114,282,538
125,345,445
188,240,600
257,694,710,1114
23,110,136,159,481,1051
660,1084
118,862,1124
176,235,722
255,265,362,591
890
353,417,590,626,1061
475,637,686,781,801,1223
110,169,176,282,345,994
764,888,1035
12,174
381,685
11,21,159,452,567,584,622,671,1033,1066,1082,1190
594,866
26,132,1232
135,181,483,920,982
76,132,227,440,509,681,916
83,366,588,1174
656,669,822
182,898,1045,1068,1150
47,156,221,627,663,795
632,713,950,1062
133,192,202,213,489,736,944
3,4,106,435,485,635,679,961
131,283,409,479,882,1025,1234
198,384,992
446,752,857,933,1090
316,501,543
192,280,325,479,851,927,1079
90,804,832,860
523,633,862,996,1045,1152,1172,1231
304,649,997
111,346,442,476,634,656,710,882,931,944,963
274,826,971
58
81,699,897,1200
181,625,689
244,364,472,663,690,802,830,1014,1221
145,479,800,829,1064,1184
32,461,567,997
9,247,440,546,589,667,679,1133
87,787,1059,1128,1156
140,523
431,452,922,979,983,1151,1202
468,830,890
181,536,601,1188
139,368,1014,1171
41,84,106,400,682,942
268,297,754,1083,1222
342,468,504,603,893,925,1231,1249
502,549,813,921
140,149,545,783,860,993,1084,1110
515,910
53,65,647,953,1096
699,714,1056,1113
86,99,816,1100,1104,1222
721
39,44,797,1138,1223
202,280,645,803
150,525,1130
163,280,555,677,751,1238
7,829
70,303,473,1121
70,160,207,402,735,821,1218
772,854,1107
153,866,1051
100,226,922
579,997,1061
40,74,249,475,732,736,988,1136,1155,1183
339,572,650
286,408,544,806
300,336,637,684,853
384,525,533,717,793,935,1112
53,125,411,448,1051,1143,1147,1151
519,642,860,907
3,90,92,155,255,529,676,701
190,224,312
81,401,445,470,621,678,1032,1133
119,205,446,674,716,1151
297,923
93,234,297,464,580,629,785
230,320,479
449,625,656,973
431,528,786,1087
15,161,441,601,796
275
75,184,188,423,733,746,1192
78,700,751,1109

16,448,1050
1112,1201
59,64
283,357,1001,1082
200,310,417,540,707,727,1082
354,495,978
64,106,117,141,395,555
304,621,1021,1229
291,341,935,941
360,430,481,833,1044,1092
456,578,785,903
343,380,392,787,1234
13,143,961,1116,1215
144,157,551
439,440,676,772,1234
124,341,653,746
7,94,122,304,566,854,1213
125,261,967,1054,1122
18,984,1086,1224
1,484,580,614,924,1240
199,248,483,523,766,836,882,920
252,400,553,759,919,1060,1139
99,114,261,419,574,647,651,759,916,1074
291,1193
18,51,435,613,738,901
21,59,335,716,1118
129,167,310,930,977,1200
895,920,1076
317,381,891,922,1061

78,164,1049
15,52,354,497,507,639,756,1019,1163
79,414,913,944,961
933,941
210,790,1010,1087
342,378,1106,1118,1155,1170
441,614,751,1215
264,524,757,779,872,1093
462,796,1221
136,211,330,471,836
109,218,313,468,833
56,272,577,583,733,1014,1169
194,1128
610,661,1151
62,278,312,410,446,551,869,1227,1247
364,639,808
409,742,784,949,1058,1160,1184
336,400,456,549,701,929
384,908
800,1100,1205,1233
244,547,1044,1053,1194
1089,1096
7,104,126,238,682,763,809,909,1144
430,592,673
275,458,597,779,811,884
94,109,381,430,431,473,493,589,792,1000,1200
18,870
16,516,539,791,794,847,1015,1189
510,881,957
324,381,687,1060

2,210,277,307,321,1119
89,208,248,1027,1176,1189,1190
795,984,1003,1033,1093,1203
195,750,866,1026,1243
570,732,900,949,1180,1208
172,868,895,937,1041
67,468,934,947,954
27,493,523,568,731,889,1075
232,242,845,985
1073
256,313,501,627,653,662
517,555,564,599,624
103,246,253,417,785,841,1022,1076
716,1128
27,51,170,232,425,479,912,935
68,98,433,866,942,961,1202
318,580,897,979
475,501,711,956
236,407,525,872
30,120,381,429,573,746
206,344,658,679,924,1043
15,160,609,632,869,1195
890
89,240,525,763,905
12,43,288,1188
146,956
555,574,1246
370,1032,1059
169,534,568,819,1222
327,384,605,776,942
57,69,134,176,207,213,268,727,792,929,1247
180,389,463,575,621,672,754,824,1128
477,759,947,958,1001,1017,1161,1165
735,840
47,81,418,562,614,828,857,869,901,928,994
929,932
379,878,944,1080
213,619,934,1193,1210
238,564,594,691,859
118,152,660,803,839,1109,1158
116,174,652,804,1048,1154
101,344,727,809,889,1056
789,1141
15,185,444,567,954,963,977,1249
81,115,305,469,693,860
53,286,301,393,471,861,1067
290,798,969,1082,1136,1203
117,258,362,466,715,726
254,432,490,567,686,920
124,153,233,657,1053,1069,1101
45,376,701,887,1015,1059,1125
93,264,276,755,865,920,1176
10,237,969
166,300,565,612,651,674,1130,1196
457,552,761,988,1091,1206
391,533,679,1030,1064,1182
45,176,309,444,496,725
283,482,800,971,1192
675,1092,1124
177,361,600,750,1226
634,800,1199
96,303,502,738,907,935,942,1154
555,723,758,1006
188,790,1241
147,196,297,381,569,576
266,603,1208
170,175,388,541,944
122,328,381,907,1037
294,578,910,1235
13,69,456,835,974
433,466,543,688,1109,1194
42,661,700,1027
419,1191
109,353,777,785,880
263,1247
148,212,381,724,751,819,864,1054,1241
301,446,606,704,731,1050,1172
21,90,392,403,774,920,980,1076,1194
68,117,506
193,367,443,683,786
332,916,924,967
614,641,847,1165
155,630,762,843,900,1068
263,378,783,991
162,190,481,635,1047,1245
663,1171
31,306,629,709,1034,1241
273,831,938,1037,1109
408,423,680,730
81,444,552,985,1061,1064,1200
77,172,247,448,499,960,996,1112
447,927,1123,1209
111,414,769,871,1211,1250
128,140,579
353,401,490,658,758,841,1106
92,133,361,613,783,913,969
735,836,971
34,89,365,590,618,820,868,919
161,380,1145
514,618,697,886,916,973,1085,1241
271,289,390,890,914,992
378,891
47,290,315,448,500,549,612,848,905,1176,1194
112,120,587,677,941,1194,1200,1250
94,167,197,412,564,659,661,772,981
149,272,832,854,1035,1142,1181
866,1151
442,706,761
769,818,922,951,1076
653,1136
79,556,1168
306,634,651,965
73,378,729,1122,1150,1211
12,150,153,583,819,911,931,993,1118,1149,1205,1222,1228
168,639,652,932,1119
640,991,1009,1140,1148
668,1126,1179,1180,1184
65,228,255,845,881,1209
136,810
624,782,908,1146
54,623,769,783
692
3,140,282,714,1029
25,277,346,382,442,688,789,859,944,1072
114,132,285,801,993
35,94,129,676,1077,1084
341,355,721,741
165,223,1146
88,384,583,795,860,882,942,1092,1191
52,848,980
148,245,964,1045
144,246,962,999,1054
327,771,1054
393,1012,1127
8,157,269,312,468,752,1244
121,482,720,771,1203
367,515,640,697,738
485,515,788,873,945,1084,1191,1217
283,383,403,482,504,521,655
13,416,925
187,324,552,852,945,1102
703,761,966,1249
18,751,1143
782,859,980,1125,1127
142,253,265,639,1096,1170
229,535
447,475,547,696,776,999
592,789,952,1142,1210
486,878
105,445,645,741,867,940
674,728,741,808,877,1065
119,173,186,351,399,699,1001
247,901,972
6,76,279,461,508,706,737,832,1127
284,311,429,485,876
296,802,951,1075,1153
662,705,991
117,1151,1214,1229,1231
148,268,308,445,597,743,963
205,324,331,605,1137,1247
130,268,322,607,691,819,1081,1148
355,365,1204
11,222,413,532,535,997,1223,1243
360,720,848,853,860,913
110,354,601
44,970,1050
802,929,955,1111
466,762,935,983
148,287
233,321,329,711,864,1237
228,298,547,625,640,684,865,1053
558,846
310,842
70,881
205,732,844,1212,1250
917,1098
115,265,433,636,966,1002,1074,1141
32
101,123,228,295,463,872,1144,1167
188,265,446,993,1107
41,526,971,1198
67,1033
167,179,678,767,789,1042
677,868
756
129,420,712,1105,1188,1245
213,257,724,852,1116,1143
156,323,383,567,864,952
420,536,978,1118
60,145,863,886,941,979,995,998,1000,1065,1067,1177
103,344,1208
91,447,539,598,622,859
164,599,701
855,1207
3,51,80,209,430,649,914,1007
349,744,852
280,726,905,1133
122,135,315,865
32,728,993
507,583,586,732,769,1089,1223
187,315,488,784,885
15,295
412,520,541,907,915,1092,1179
46,357,561,625,824,920,1189
473,547,580,596,766,785,996,1184
801,842,911
134,149,459,472,593,709,953,1119
991,1011,1246
118,217,233,277,1031
64,475,980,1233
15,354,815,924
330,356,562,563,797,826,969,1035
179,687,950,967,1000,1109
9,279,363,648,1030
17,402,444,572
299,334,367,822,945,998,1089,1091,1105
394,491,815,972,1007,1081,1134
133,655,1236
30,58,217,694
48,95,409,706,708,865,1008,1032,1233
94,560,732
162
64,118,309,451,1115,1244
69,110,249,536,551
136,339,759,881,1174
72,276,307,407,444,1036
369,650,736,1177
661,678,692
332,340,431,462,591,839
354,386,659,697,968,1113,1121
90,664
20,91,284,351,481,526,934
32,320,406,562,657
396,597,976,1082,1113,1132
336,349,774,876,928,996,1089
119,237,511,962,1041,1196
168,605,746,816,1144
263,341,416,692,898
62,319,399,586,1015,1056,1143
26,81,570,1198
291,449,992,1155
33,133,652,891,1240
185,301,622,942,951,968,1202
84,224,432,470,505,669,825,1074,1077
67,239,712,741,747,807,948,1008,1235
147,289,394,471,888,934,1120,1181
52,562,634,678,691,750,770,941
45,674,985
218,754,869
194,361,576,880,1144,1241
78,84,128,375,377,718,1136,1165
154,1074,1083
185,188,324,364,410,757,899,1027,1109
448,662,1213
38,173,265,656,961,1139
197,515,712,782,1086
672,759,941
97,187,278,471,829,902,1028
163,226,374,488,546,622,736,1045
381,382,664,739,843
319,516,559,570,1039,1161
47,185,253,342,440,657,827,1075
342,537,683,822
5,81,434,453,818
265,563,576,582,1039
230,270,317,659,866,965,1091,1123
188,427,433,478,504,544,637,719,1080,1190,1245
65,161,598
111,602,799,1148,1226
32,295,390,428,438,561,586,621,675,691,977
111,375,577,624,767,801,1093
829,865,1150,1241
35,77,136,304,556,773,960,984,987
27,481,755,971,993,1026,1161,1171
87
11,656,752,1029,1050,1229,1233
77,110,600,714,829,1017,1093,1193
642,1123
617,742,910,913
20,800,888,919,1091
107,543,1088
650,913,939
57,181,825,1182
118,850,1006,1024,1180
105,252,716,812,1022
38,292,891,983
14,229,681,730,861,916
48,401,485,921,981,1086
41,240,286,647,902
10,268,295,414
79,418,516,959,997,1120
49,434,449,584,759,1191,1250
157,699,809,1103,1173,1241
43,239,340,852,1015,1129,1166
14,355,363,503,997
283,494,534,1112,1146
105,580,601,1028,1063,1136
141,202,556,609,786,950
110,539,697,783,826,959,1035
146,173,350,494,530,787,938,1053,1075
806,1026,1049
148,574,1208,1226
23,481,589,832
684
98,195,688,718,978
12,124,454,550,646,783
167,356,513,654,683,771,1082
776,1122,1192
22,1210,1230
409
992,1008,1060
260,309,367,551,741,921
334,408,437,456
283,437,497,555,760,769,1064
139,148,225,1011,1127
183,468,530,663,675,714,822,1177,1223
48,85,162,251,284,441,570,586,607,881,1139
333
82,219,304,760
641,832,856,1006
12,142,231,338,796,833,1008,1052,1065
372,435,1163
248,491,518,540,643,726,809,849,906
668
16,179,1079,1108
165,279,376,1002
40,84,767,851,907,1099,1123
164,204,265,832,1142
134,209,266,614,914,991,1063
71,186,467,573,593,972,1001,1084,1158
127,178,415,825,875,960
89,162,490,1192
476,621,924,1122
114,305,589,668,837,1143
126,555,574,628,699,846,1060
54,59,683,751,882,1185
262,467,644,760,779
47,127,580,625,885,1047,1061,1102
460,691,697,744,990,1155
335,368,823,930,1123
429,773
42,616,700,842,953
268,611,821
321,342,649,674,850,877,947,1110,1173
141,600,966,1067,1085,1192,1221
15,189,407,455,828,836,942,1091,1205
509,563,585,630,964,982
520,896,940,1028,1051
187,255,563
128,744,1130,1201
13,276,746,858,871
251,480,544,610
7,22,982
29,127,554,738,1218
1,112,212,228,344,456,611,740
102,713,1110
484,633,711,803,1216
666,1151,1162
201,843,1021
44,569,706,789,910,948
146,261,377,386,579,693,737,903,1096,1149,1222
230,276,523
71,75,110,117,184,610,814,851,949,1024,1221
63,86,549
118,181,294,301
91,585,977,1037
499,591,646,776,1060,1088
60,93,248,645,877,1044
529,595,727,912
227,496,521,710,1021,1032,1056
531,826,1090,1118
181,193,673,1165,1182,1203
208,366,981
243,468,725,871,946,1039,1068,1085
111,577,840,1051
492,726,1066
16,266,303,711,960
91,514,628,955,1040,1171
97,411,658,808
120,203,348,575,1042,1061,1249
21,284,307,390,725,930,1143
397,837,904,986
302,551,921,1065
31,118,262,282,470,586,649,706,724,1190
705,910,945,992,1012,1054,1084,1213,1231
1016
899,909
219,226,830,985
44,917,1004
54,506,518,1131,1178
403,743,778,1018,1206
44,93,209,318,460,569,570,1089,1158
733,1173
11,290,360,458,845,922,989,1179
64,213,285,575
477,523,997
384,471,764
191,398,425,577,597,1199
285,868,947,1201
35,923
640,852,853,1007,1101
263,872
62,331,352,407,621,826
127,138,146,173,309,697,1123,1211
462,713,922,1192
188,464,663
65,236,335,354,749,1171
475,837,1112,1134
111,206,876
408,599,713,787,887,1000
277,643,1140,1173
185,206,258,348,586,688,739,773,799,867,968,1017
63,273,282,473,624,772,1227,1228
420,553,783,958
228,401,930,1010
162,203,996,1205
512,523,688,988,1059
283,412,432,821,1034,1040,1138,1195
280,598,621,1000,1008
149,609,1224
342,440,471,495,674,707,829,927
96,330,627,650,753,883,916
104,372,658,716,1106,1195
363,443,629,659,786,968,1152,1229,1247
26,250,569,1023
30,45,133,791,1016
189,334,387,555
139,198,435,568,818,1033
113,746,877,1160,1213
279,501,690,793
140,242,419,490,1042
280,409,446,913,1102
387,694,812,909
108,524,1052,1228
133,656,863,1226
224,359,444,508,544,804,807,969,1188
77,302,775,874,966,1012
12,327,427,1118
656,694,881,975
466,675
58,314,348,951,1139
53,234,274,328,347,813,926,954
810,875,880,888
280,667,687,688,723,856,926,938
16,450,615,626,828,887,1240
34,190,224,626,649,933
284,413,475,515,849,884
101,397
182,253,282,332,397,627,993,1177
670,928,937
446,474,493,556,739,909,1057,1175
101,196,255,376,510,746,816,946,970,993,1204
93,572,662,790,865,1198
33,154,684,775
27,434,748,755,789,825,1248
748,857,922
92,730,1018,1028,1112
208,542,840,1032
122,378,423,484,912
253,262,312,439,750,990
735,772,1118,1217
9,56,239,511,1022
70,830,979,1095,1155
5,619,705,753,859,976,990,1058,1181
131,151,249,303,424,546,637,730
3,496,750,760,1003,1105,1250
242,513
67,383
1151
122,463,485,508
168,894,932,1091
479,547,649,956

359,607,862
185,370,447,496,792,1030,1132
37,160,179,740,1061,1065
12,129,189,410,468,558,772,1171
122,771,942,1029,1188
76,182,310,392,433,638,959,1073,1229
314,612,674,961
76,212,220,510,545,696,896
72,373,413,585
444
241,424,534,815
194,339,566
102,234,328,421,814,911
316,503,524,825,865,939,1122
864,896
120,202,867,993,1074,1235
554,757,779,957,1007
94,415,810,820
86,315,476
13,57,94,931,1035
24,107,554,974,983,1243
974,1041
52,789,870,1193
139,407,752,915
161,669,1054,1085
498,536,661,1140,1229
689,740
264,366,568,790,807
298,689,963
435,568,684
406,420,798,913
28,665,897,919,938
45,68,107,156,175,217,307,935,1131,1140,1197
80,257,333,725,1184
175,592,609,798,1017
643,833
27,111,476,514,1245
130
172,192,475,1036
170,542,871,1232
93,656,718,870
610,613,700,789,1074
427,869,1117
119,489,545,601,737,815,848,1047
129,508,664,667,885,979,1113
791,1029,1195,1246
54,169,417,573,964,1242
268,273,315,869,1173,1234
852,1016
35,171,910
38,459,664,1009,1033,1062
613
207,228,853,1151
246,261,489,568,715,801,893
306,372,624,757,996
431,510,556,629,702,1008
334,406,556,908,1164
477,497,626,778,791,887,989,1150,1238
152,258,261,427,720,882,1150
77,123,739,769,1010,1080,1082
702,939
10,381,636,743
125,540,691,812,937,1016
757,930,1001,1044,1045
420,473,505,853,1014
569,581,608,707,799,845,865,892,1062
665,693
980,1204
367,485,884
716,770,1006
246,264,342,834,963,1197
14,111,125,360,663
531,945,1077
66,289,579,1001,1141
449,468,531,544,595,1247
295,344,1012
250,485,903
300,466,795,814,869,1046,1186,1232
555,684,808
276,393,618
497,1242
185,455,875,1036,1090,1147
154,221,342,417,537,698,746
168,297,438,762,774,799
124,362,479,528,930,1002,1042,1113,1235,1241
390,452,615,1142
530,569
31,133,687,998,999,1225
28,427,462,1004,1103,1164
432,874,973,1115,1209
765,1006,1131
11,43,54,148,209,258,604,785,939,1067
274,462,882,912,998
76,78,191,363,580,666,815,863
70,182,464,602,827,852,1038,1143
352,746,908,977,1210
408,1000,1082
330,423,705,739,898
129,130,243,572,904,1051
207,339,735,855
797,1069
95,162,487,817,876
349,705,915,993
923
86,161,903,1049,1215
11,151,391,529,537,697,1030,1246
255,1218
555,581
3,79,105,268,625,844,862,907,940
10,28,202,343,572,723
487,902,1128,1172,1233
303,381,501,699,859,995,1101
153,387,433,476,502,733,971,1079
228,266,586,651
282,370,421,1242
61,71,121,502,654,936
188,743,1037,1145
201
191,398,583,706,914,1029,1194
119,289,628,791
26,28,196,1122
193,225,268,940,1184
91,314,342,638,671,752
167,798,899,1200
149,304,484,854,876
126,558,820,944,1024
112,307,449,703,786,858,1111

36,146,577,1082
138,521,660
340,367,675,693,729,914
82,350,1118,1134,1149,1241
533
32,170,376,413,856
577,1120
249
527,878,1026,1071,1210
30,442,766
572,1111
198,418,561,707,1111
132,275,341,539,602,774,857,1027,1145,1202
368,1068,1087
732,1021
6,733,1069
328,489,760,950,1036,1176
351,472,675,1053,1104,1156,1210
27,370,665,782
34,167,271,337,1229
235,366,526,571,668,735,1082
348,355,803,994,1041,1135,1171,1197
249,326,722,1042
93,412,893,1018,1103,1150
255,350,573,697
883,1034
265,746,1246
172,236,250,352,432,695,1092
539,624
128,494,785,791,1038,1044
164,219,280,694,753,918,1099
87,517,539,708,773,1077,1107,1176
357,371,822
48,91,397,1107,1119
470,473,708,870,1108
54,313,896,1173
291,379,611,804
84,133,162,379,597,703,709,828,915
177,306,333,599,651,910,952
560,615,872,1244
351,462,646,785,862,1192,1210
75,383,459,680
941
9,188,429,497,580,865,1039,1072,1123,1145,1193
99,296
22,54,69,474,718,720,728,774,900,1159
56,414,678,831
368,583,914,1155
390,478,515,664,830,855,873,1073
65,426,629,761,1190
610,921
103,382,480,617,715,716,1175,1191,1226
169,278,362,371,628,853,866
116,208,535,688,775,830,861,897,1197
198,1076
403,554,1041
389,392,492,776
319,512,604,1073
465,813,935
320,876
291,913
329,391,626,682,747,914,931,979,1067,1238
46,280,407,483,612,1165,1221
364,406,530,539,832,1244
126,256,489,939,1098
299,373,379,614,878
393,602,660,790
241,1193
3,50,520,538,577,615,767,897,1076,1196,1231
17,620,697,699,847,928,992
599,617,921,1011,1019
129,136,167,204,271,331,1148
81,159,216,313,375,436,455,682,904,1066,1073,1106,1209
435,439,883,938
137,393,418,506,728,870,882,898,922
55,671
353,499,694,708,966
99,112,1041,1179
11,178,602,733,1019,1174
402,497,590,644,823
732,930,1024,1033
8,865,1178
598
230,352,518,574,838
292,338,533,811,1100
228,441,617,1042,1043,1241
151,212,258,901,1038,1165,1195,1210
51,364,531,533,807,823,1010,1040,1174
81,150,428,529,824,1105,1156,1157
220,430,643,1005,1057
156,259,332,409,494,714,1152
149,167,479,491,512,828,859,914,1005
297,1229
185,248,300,415,520,1237
124,229,603,678,908,1046
428,747,1200
243,348,566,689,767,1054
37,223,298,509,1159
302,471,1244
327,468,898,1167
35,43,55,374,428,599,736,756,820,946,989,1161
73,203,221,591,983
147,368,404,661,994,1221,1250
552,587,694,1050,1096,1139,1152
254,348,495,575,730,735,835,874
19,191,594,760,1075,1090,1099
266,404,838,1007,1013
777
28,295,354,531,581,1230
6,420,758,784,815,1063
751,928,998,1157
52,171,706,815
561,680,859,946
429,553,621,893,1051
665,767,786,909,1019
488,898,942,1234
127,281,1210
351,719,732,761,884
118,214,250,442,695,1197
268,282,345,713,792
12,452,1237,1246,1249
207,260,678,1246
14,107,393,924,988,1061,1119
107,253,360,370,414,793,909,1186
74,350,491,635,928,994
211,272,319,347,462,682,709,746
467,597,734,914,1073,1098
160,544,1055,1187
250,449,819,883,1078
121,129
180,517,575,669,1091
9,283,366,1126
373,453,469,985,1091
628,861,1025,1237
250

486,549
862,1250
692,840,1130,1161
20,294,968,1209
57,88,549,659,1164
54,137,836,1039
81,193,334,922
231,900
234,450,628,877
22,208,652,785,1064,1118,1132
68,113,225,236,348,420,1102
121,564,777,795,989
374,1021,1086
132,231,296,299,381,493,519,545,654,1058
505,629,933,1194
601,608,651,900,929,1014,1135,1139
708,941,991,1058
242,579,724,1034,1219
511,557,807,875,960,969,1008
309,330,848,1080,1118
118,128,210,506,614,615,675,1081
239,345,485,495,606,714,1189
6,120,516,582,594,744,860,984,1042,1151
426,585,1120
50,773
98,261,387,502,717,754,767,932,999,1165,1190
35,700,740,765,913
527,548,823,1195,1223
54,200,620,1029,1037
139,639,1100
135,234,530,743,986
314,1107,1196
21,942
405,732,798,894,895,1010,1181
637,759,767,847
359,769,1163
56,322,333,375,386,498,653,814,946
215,385,481,587,986
352,501,798,1141,1179,1244
56,465,502,690,745,923,1055,1098,1141,1181
182,477,791,1094
161,756,1085
360,838
56,352,407,471,750,1179
44,236,292,449,738,886
32,393,832,934
565,897
37,112,331,361
376,503,1137
113,164,676,1137
432,433,580,662,1058,1194
292,320,460,566,574,799,853
96,449,726,972,1130
71,450,514,684,1035,1095
94,106,268,676,740,1083,1202
116,511,842,1146
615,892,958,1149
29,133,163,396,677,697
261,307,569,795
820,833,924,951,1061
43,58,64,136,603,625,765
100,366,715,765
262,282,721,996
27,201,283
279,342,614,717,781
48,507,739,748,852,1218
234,648,791,814,946,1009
133,326,380,1061,1100,1159
413,1110
55,390
80,103,390,503,741
191,233,348,363,368
53,187,569,910
8,61,648,787
467,487,803,979,1152
74,77,127,286,590,1017,1023,1115,1133,1242,1244
69,168,322,425,646,685,926,1046,1124
237,553,650,676,829
9,32,194,304,317,443,450,465,577,801,1198
101,201,369,1048
44,91,225,346,478,1041
525,594,653,1055,1078,1190
123,220,253,406,490,734,1239
44,66,896
227,333,350,621,821,854,899,939
299,356,393,420,761,1025
345,500,1201
287,361,432,477,501,875,975,1051
78,137,152,260,372,373,568,882,958,1186,1202
825,1044,1140
70,275,313,603,744
81,132,237,362,390,874,932,953,1237
106,869,927,939,1001,1098,1105
225,383,713,754,1120
54,500,720,1223
251,447,585,678,753,1033
303,428,537,1056
37,54,162,374,525,725,751,923
325,651,659
255,758,776,865,869,1205
832,834,893,1194
431,1056
248,1132
26,185,709,1115
88,386,667,891,1236
60,993,1005
6,691,720,916
141,160,392,792,822,1110,1112,1174

255,1146
761,1149
593,945,1154
202,215,367
2,692,888,975
186,237,238,373,613,614,1104,1159
781,790,823
448,867,882,947,1110,1235
899,1136,1175,1230
100,233,311,478,595,702,911,999,1182
158,322,328,757,800,897
68,787,800,945
61,204,366,549,1063
985
230
654,808,949,972
167,601,730,878,948,1061
134,448,526,762,856,1122
671,865,1015
28,393,1016,1157
245,1192
315,395,728,1071
25,97,178,190,727,950,1166
144,418,429,836,940
85,106,189,209,979,1148
324,520,641,1079
254,646,852,1038,1218
213,500,505,693,820,1210
332,425,815,859,875,1127
470,576,646,910
131,325,357,404,462,589,744,849
722,815,820,1030,1033
1,7,131,167,454,692,757,1178
114,220,241,432,508,816,875,904
10,375,739,937,1042,1103
168,570,584,1097,1227
466,588,723,794,825,1101,1174,1226
223,359,530,564,572,762,1038,1124
510,973,1040
123,379,841
34,95,749,961,1013,1207
51,231,366,467,1076,1205
597
459,1187,1208
107,200,206,384
86,602,610,614,633,651,964,1125
31,318,715,848,937
134,397,514
72,82,98,475,568,687,717,723,946,1040,1046
175,373,533,777,981
137,236,459,564,669,838,1159,1224
61,480,535
176,188,500
25,446,579,945
748,824,886,1035
43,645,901
53,629,1015
548,727,1002,1021
257,276,516,553,656,867
269,411,462,509,555,806,816,997
291,619,931,960,1023
422,550,760,1123,1227,1235
263,372,373,492,534,689
795,1024,1099
834,1006,1112,1130
34,235,829,1181,1197
587,681,743
124,224,408,429,527,1217
179,269,347,354,370,557,626,866
65,87,130,236,353,631,763,783,947,1118,1242
91,191,398,500,513,969
194,470,477,536,729,769,805,1121
857
49,200,392,667,769,1203
59,451,682,690,776,845,1120
108,235,272,511,656,1070
37,252,466,938,1069,1224
72,108,745,763,943,1196
278,327,886,968,1194
39,241,273,371,903,1230
148,303,314,410,754,1038,1114,1131
280,1150,1192
175,284,424,534,822,1142
298,314,355,836,887,1160,1236
688
716
251,307,408,1143,1187
42,273,421,479,617,715,1160
785,792,844,936,976,1229
196,254,479,820
62,104,110,121,296,302,706,784
353,602,1013
298,578,958,995,998
194,369,618
258,714,1084,1165,1243
231,359,853,866
279,411,772,993
179,242,333,350,470,484,1153
2
232,321,470,531,641,762,1023,1042
end